105,196,1200,35.51,-6999,65.95,26.4,21.49,67.55
105,196,1230,35.64,-6999,66.42,26.51,20.61,67.62
105,196,1300,35.68,-6999,66.84,26.55,24.1,67.65
105,196,1330,35.85,-6999,66.97,26.68,24.83,67.75
105,196,1400,35.63,-6999,67.2,26.52,23.35,67.64
105,196,1430,35.69,-6999,67.25,26.56,22.3,67.67
105,196,1500,35.71,-6999,67.44,26.6,27.33,67.72
105,196,1530,35.85,-6999,67.69,26.69,27.83,67.78
105,196,1600,35.79,-6999,67.88,26.64,25.69,67.75
105,196,1630,35.49,-6999,66.54,26.44,18.28,67.61
105,196,1700,35.67,-6999,67.55,26.58,22.68,67.72
105,196,1730,35.81,-6999,68.07,26.67,24.68,67.8
105,196,1800,35.71,-6999,68.13,26.6,17.13,67.76
105,196,1830,35.79,-6999,68.25,26.68,25.59,67.82
105,196,1900,35.9,-6999,68.41,26.74,23.82,67.86
105,196,1930,35.77,-6999,68.34,26.66,17.32,67.79
105,196,2000,35.8,-6999,68.45,26.68,16.37,67.83
105,196,2030,35.81,-6999,68.5,26.7,15.92,67.84
105,196,2100,35.84,-6999,68.48,26.72,14.76,67.84
105,196,2130,35.82,-6999,68.46,26.71,13.32,67.82
105,196,2200,35.84,-6999,68.48,26.74,12.82,67.83
105,196,2230,35.88,-6999,68.54,26.77,12.84,67.86
105,196,2300,35.91,-6999,68.59,26.8,12.23,67.89
105,196,2330,35.97,-6999,68.66,26.85,12.82,67.93
105,196,2400,36,-6999,68.55,26.91,12.36,67.92
105,197,30,36.01,-6999,68.36,26.92,12.05,67.87
105,197,100,36.03,-6999,68.39,26.95,11.88,67.86
105,197,130,36.08,-6999,68.4,27,11.11,67.8
105,197,200,36.07,-6999,68.41,27.01,9.76,67.7
105,197,230,36.06,-6999,68.37,27,9.54,67.59
105,197,300,36.11,-6999,68.38,27.04,9.63,67.51
105,197,330,36.12,-6999,68.37,27.07,9.13,67.4
105,197,400,36.13,-6999,68.37,27.07,8.67,67.33
105,197,430,36.15,-6999,68.36,27.1,8.28,67.29
105,197,500,36.18,-6999,68.35,27.13,8.12,67.25
105,197,530,36.22,-6999,68.33,27.16,8.12,67.22
105,197,600,36.26,-6999,68.26,27.2,9.05,67.19
105,197,630,36.29,-6999,68.17,27.22,9.6,67.15
105,197,700,36.34,-6999,67.91,27.26,10.25,67.11
105,197,730,36.45,-6999,67.81,27.35,11.55,67.12
105,197,800,36.48,-6999,67.24,27.37,13.15,67.06
105,197,830,36.43,-6999,66.91,27.33,15.58,66.96
105,197,900,36.37,-6999,66.86,27.3,17.18,66.89
105,197,930,36.31,-6999,66.71,27.25,18.18,66.82
105,197,1000,36.39,-6999,66.02,27.35,21.61,66.82
105,197,1030,36.34,-6999,65.34,27.31,23.04,66.69
105,197,1100,36.28,-6999,64.25,27.28,24.4,66.59
105,197,1130,36.26,-6999,64.58,27.28,26.62,66.55
105,197,1200,36.28,-6999,66.29,27.3,27.82,66.54
105,197,1230,36.22,-6999,66.06,27.31,28.73,66.52
105,197,1300,36.16,-6999,64.13,27.28,29.65,66.53
105,197,1330,36.1,-6999,64.06,27.24,29.06,66.54
105,197,1400,36.26,-6999,65.95,27.35,31.86,66.67
105,197,1430,36.27,-6999,66.73,27.35,32.2,66.72
105,197,1500,36.18,-6999,66.76,27.29,32.29,66.74
105,197,1530,36.24,-6999,67.21,27.31,32.8,66.8
105,197,1600,36.18,-6999,67.4,27.27,32.04,66.8
105,197,1630,36.2,-6999,67.47,27.28,31.96,66.85
105,197,1700,36.19,-6999,67.45,27.29,33.3,66.88
105,197,1730,36.26,-6999,67.63,27.33,28.9,66.96
105,197,1800,36.17,-6999,67.7,27.28,23.03,66.97
105,197,1830,36.14,-6999,67.8,27.23,20.08,67.01
105,197,1900,36.22,-6999,68.03,27.3,19.22,67.1
105,197,1930,36.4,-6999,68.12,27.45,21.49,67.19
105,197,2000,36.44,-6999,68.18,27.48,18.71,67.21
105,197,2030,36.44,-6999,68.3,27.48,16.13,67.19
105,197,2100,36.46,-6999,68.34,27.51,14.14,67.17
105,197,2130,36.47,-6999,68.42,27.52,13.06,67.12
105,197,2200,36.51,-6999,68.41,27.56,11.66,67.07
105,197,2230,36.55,-6999,68.42,27.61,11.05,67.02
105,197,2300,36.63,-6999,68.53,27.68,10.79,67.02
105,197,2330,36.67,-6999,68.62,27.71,10.81,67.04
105,197,2400,36.73,-6999,68.64,27.76,11.17,67.07
105,198,30,36.75,-6999,68.64,27.78,11.37,67.06
105,198,100,36.79,-6999,68.63,27.81,10.82,67.05
105,198,130,36.78,-6999,68.58,27.81,10.15,67.02
105,198,200,36.79,-6999,68.6,27.83,9.71,66.99
105,198,230,36.81,-6999,68.63,27.86,9.77,66.98
105,198,300,36.83,-6999,68.72,27.87,10.42,67
105,198,330,36.89,-6999,68.72,27.92,10.75,67.01
105,198,400,36.91,-6999,68.65,27.94,11,66.98
105,198,430,36.92,-6999,68.7,27.97,11.16,66.95
105,198,500,36.95,-6999,68.78,27.98,11.66,66.95
105,198,530,36.98,-6999,68.76,28,12.04,66.95
105,198,600,37.01,-6999,68.77,28.05,12.23,66.92
105,198,630,37.02,-6999,68.76,28.06,12.71,66.9
105,198,700,37.07,-6999,68.76,28.12,13.51,66.9
105,198,730,37.09,-6999,68.71,28.13,14.28,66.89
105,198,800,37.07,-6999,68.67,28.11,14.48,66.86
105,198,830,37.13,-6999,68.71,28.17,16.39,66.87
105,198,900,37.17,-6999,68.58,28.22,19.33,66.86
105,198,930,37.11,-6999,68.49,28.18,21.18,66.79
105,198,1000,37.04,-6999,68.33,28.12,21.74,66.73
105,198,1030,36.94,-6999,68.3,28.07,23.12,66.67
105,198,1100,36.97,-6999,68.41,28.1,24.62,66.64
105,198,1130,36.98,-6999,68.25,28.11,24.13,66.58
105,198,1200,36.87,-6999,68.38,28.03,22.21,66.49
105,198,1230,36.97,-6999,68.59,28.12,23.65,66.52
105,198,1300,37.1,-6999,68.69,28.21,26.86,66.52
105,198,1330,37.03,-6999,68.63,28.14,24.2,66.47
105,198,1400,37.03,-6999,68.66,28.16,27.32,66.48
105,198,1430,37.24,-6999,68.8,28.33,34.83,66.63
105,198,1500,37.12,-6999,68.69,28.27,31.26,66.61
105,198,1530,37.02,-6999,68.67,28.2,32.97,66.63
105,198,1600,37.03,-6999,68.72,28.2,35.22,66.72
105,198,1630,37.03,-6999,68.71,28.21,32.74,66.76
105,198,1700,36.9,-6999,68.62,28.13,28.77,66.74
105,198,1730,36.88,-6999,68.64,28.14,24.33,66.8
105,198,1800,36.87,-6999,68.65,28.16,22.12,66.86
105,198,1830,36.95,-6999,68.77,28.17,21.58,66.97
105,198,1900,37.01,-6999,68.77,28.23,20.87,67.03
105,198,1930,37.05,-6999,68.82,28.28,19.79,67.09
105,198,2000,37.06,-6999,68.83,28.29,18.57,67.11
105,198,2030,37.1,-6999,68.83,28.32,17.83,67.15
105,198,2100,37.15,-6999,68.83,28.37,16.47,67.2
105,198,2130,37.21,-6999,68.78,28.45,15.69,67.21
105,198,2200,37.25,-6999,68.71,28.49,15.71,67.2
105,198,2230,37.29,-6999,68.67,28.53,15.28,67.22
105,198,2300,37.3,-6999,68.63,28.55,15.15,67.18
105,198,2330,37.31,-6999,68.61,28.55,15.32,67.17
105,198,2400,37.35,-6999,68.64,28.59,15.37,67.19
105,199,30,37.35,-6999,68.6,28.6,14.77,67.18
105,199,100,37.38,-6999,68.52,28.63,14.34,67.16
105,199,130,37.39,-6999,68.47,28.65,14.15,67.14
105,199,200,37.42,-6999,68.48,28.69,14.63,67.14
105,199,230,37.45,-6999,68.48,28.72,14.52,67.13
105,199,300,37.46,-6999,68.43,28.74,14.37,67.12
105,199,330,37.48,-6999,68.41,28.76,14.47,67.1
105,199,400,37.5,-6999,68.4,28.78,14.92,67.09
105,199,430,37.54,-6999,68.34,28.81,15.02,67.1
105,199,500,37.53,-6999,68.25,28.83,14.7,67.05
105,199,530,37.53,-6999,68.14,28.84,14.62,66.98
105,199,600,37.56,-6999,68.11,28.87,14.81,66.96
105,199,630,37.58,-6999,68.03,28.89,14.89,66.91
105,199,700,37.55,-6999,67.96,28.88,14.83,66.84
105,199,730,37.58,-6999,67.93,28.91,15.31,66.79
105,199,800,37.63,-6999,67.91,28.95,16.09,66.72
105,199,830,37.65,-6999,67.86,28.96,16.68,66.65
105,199,900,37.67,-6999,67.82,28.99,16.77,66.58
105,199,930,37.67,-6999,67.78,29.01,16.93,66.56
105,199,1000,37.67,-6999,67.72,28.99,17.18,66.53
105,199,1030,37.65,-6999,67.68,28.99,17.37,66.5
105,199,1100,37.7,-6999,67.62,29.04,18.14,66.46
105,199,1130,37.72,-6999,67.54,29.07,19.2,66.4
105,199,1200,37.73,-6999,67.47,29.09,19.23,66.36
105,199,1230,37.75,-6999,67.41,29.11,20.64,66.31
105,199,1300,37.87,-6999,67.43,29.22,27.44,66.29
105,199,1330,37.89,-6999,67.39,29.2,26.58,66.2
105,199,1400,37.74,-6999,67.52,29.1,28.14,66.26
105,199,1430,37.84,-6999,67.62,29.16,32.16,66.28
105,199,1500,37.7,-6999,67.64,29.09,32.56,66.21
105,199,1530,37.68,-6999,67.67,29.1,35.14,66.22
105,199,1600,37.66,-6999,67.65,29.08,32.47,66.23
105,199,1630,37.59,-6999,67.7,29.06,35.13,66.29
105,199,1700,37.66,-6999,67.77,29.13,38.23,66.36
105,199,1730,37.65,-6999,67.76,29.11,36.54,66.4
105,199,1800,37.66,-6999,67.79,29.14,37.41,66.43
105,199,1830,37.57,-6999,67.74,29.09,36.19,66.38
105,199,1900,37.55,-6999,67.74,29.08,32.97,66.41
105,199,1930,37.58,-6999,67.73,29.14,31.99,66.41
105,199,2000,37.58,-6999,67.7,29.17,30.22,66.38
105,199,2030,37.62,-6999,67.69,29.22,27.82,66.36
105,199,2100,37.59,-6999,67.63,29.17,24.6,66.32
105,199,2130,37.59,-6999,67.57,29.19,18.99,66.28
105,199,2200,37.61,-6999,67.56,29.23,17.05,66.32
105,199,2230,37.68,-6999,67.58,29.3,15.24,66.34
105,199,2300,37.73,-6999,67.56,29.37,14.56,66.33
105,199,2330,37.78,-6999,67.54,29.41,14.36,66.33
105,199,2400,37.84,-6999,67.59,29.45,14.61,66.38
105,200,30,37.89,-6999,67.66,29.5,14.37,66.43
105,200,100,37.91,-6999,67.63,29.52,13.99,66.42
105,200,130,37.94,-6999,67.6,29.54,13.78,66.42
105,200,200,37.96,-6999,67.55,29.58,13.11,66.38
105,200,230,37.97,-6999,67.57,29.6,13.44,66.39
105,200,300,38,-6999,67.53,29.63,13.26,66.4
105,200,330,37.99,-6999,67.45,29.65,12.52,66.34
105,200,400,37.89,-6999,67.38,29.66,12.26,66.28
105,200,430,37.84,-6999,67.32,29.68,11.58,66.23
105,200,500,37.84,-6999,67.28,29.69,11.37,66.18
105,200,530,37.87,-6999,67.24,29.72,11.47,66.14
105,200,600,37.94,-6999,67.26,29.77,12.21,66.14
105,200,630,38.03,-6999,67.22,29.84,12.86,66.1
105,200,700,38.11,-6999,67.2,29.9,13.55,66.07
105,200,730,38.18,-6999,67.19,29.94,15,66.03
105,200,800,38.22,-6999,67.12,29.95,16.49,65.93
105,200,830,38.16,-6999,67.05,29.9,18.89,65.88
105,200,900,38.13,-6999,67.05,29.88,21.93,65.9
105,200,930,38.13,-6999,67.03,29.89,25.05,65.89
105,200,1000,38.12,-6999,66.99,29.88,27.79,65.84
105,200,1030,38.06,-6999,66.9,29.85,30.18,65.79
105,200,1100,38.05,-6999,66.85,29.89,33.55,65.73
105,200,1130,37.96,-6999,66.73,29.84,36.71,65.62
105,200,1200,37.92,-6999,66.66,29.82,37.93,65.58
105,200,1230,37.86,-6999,66.74,29.81,38.26,65.62
105,200,1300,37.93,-6999,66.8,29.84,40.75,65.67
105,200,1330,37.89,-6999,66.72,29.83,43.25,65.64
105,200,1400,37.95,-6999,66.75,29.89,45.12,65.66
105,200,1430,37.94,-6999,66.71,29.87,46.42,65.65
105,200,1500,37.89,-6999,66.74,29.86,47.16,65.68
105,200,1530,37.93,-6999,66.8,29.9,47.73,65.7
105,200,1600,37.93,-6999,66.8,29.89,47.27,65.7
105,200,1630,37.87,-6999,66.82,29.85,47.48,65.69
105,200,1700,37.89,-6999,66.87,29.89,47.55,65.75
105,200,1730,37.94,-6999,66.93,29.94,47.48,65.78
105,200,1800,37.93,-6999,66.95,29.94,44.71,65.8
105,200,1830,37.93,-6999,66.99,29.97,43.09,65.83
105,200,1900,37.9,-6999,66.94,29.98,39.91,65.8
105,200,1930,37.96,-6999,67,30.06,42.11,65.82
105,200,2000,37.94,-6999,66.96,30.07,38.8,65.79
105,200,2030,37.95,-6999,67.06,30.09,33.15,65.8
105,200,2100,37.86,-6999,67.14,30.05,25.79,65.83
105,200,2130,37.85,-6999,67.25,30.09,21.59,65.89
105,200,2200,37.89,-6999,67.37,30.11,20.29,65.93
105,200,2230,37.98,-6999,67.49,30.17,20.04,66
105,200,2300,38.04,-6999,67.54,30.2,19.23,66.02
105,200,2330,38.08,-6999,67.61,30.24,18.45,66.05
105,200,2400,38.12,-6999,67.62,30.28,16.76,66.06
105,201,30,38.16,-6999,67.63,30.32,15.55,66.06
105,201,100,38.2,-6999,67.69,30.37,14.43,66.06
105,201,130,38.22,-6999,67.67,30.4,12.48,66.05
105,201,200,38.24,-6999,67.63,30.42,11.4,66.04
105,201,230,38.25,-6999,67.64,30.44,10.57,66.03
105,201,300,38.3,-6999,67.67,30.47,10.67,66.02
105,201,330,38.3,-6999,67.62,30.49,10.23,66.01
105,201,400,38.35,-6999,67.72,30.53,11.65,66.04
105,201,430,38.42,-6999,67.8,30.59,12.73,66.09
105,201,500,38.45,-6999,67.78,30.63,12.01,66.09
105,201,530,38.45,-6999,67.84,30.65,14.09,66.1
105,201,600,38.51,-6999,67.89,30.7,15.85,66.14
105,201,630,38.6,-6999,67.92,30.77,17.27,66.17
105,201,700,38.62,-6999,67.95,30.77,18.67,66.18
105,201,730,38.63,-6999,67.97,30.77,20.04,66.19
105,201,800,38.63,-6999,68.03,30.78,22.18,66.22
105,201,830,38.62,-6999,68.07,30.78,25.85,66.25
105,201,900,38.61,-6999,68.08,30.79,28.34,66.22
105,201,930,38.55,-6999,68.04,30.74,29.96,66.15
105,201,1000,38.52,-6999,68.02,30.72,31.69,66.1
105,201,1030,38.46,-6999,68.05,30.74,33.62,66.02
105,201,1100,38.49,-6999,68.05,30.78,35.67,65.95
105,201,1130,38.46,-6999,68.08,30.78,37.59,65.86
105,201,1200,38.46,-6999,68.1,30.79,39.19,65.8
105,201,1230,38.44,-6999,68.08,30.78,38.87,65.72
105,201,1300,38.49,-6999,68.09,30.82,41.78,65.67
105,201,1330,38.51,-6999,68.09,30.82,42.74,65.58
105,201,1400,38.45,-6999,68.05,30.79,43.61,65.53
105,201,1430,38.44,-6999,68.09,30.79,44.26,65.55
105,201,1500,38.49,-6999,68.1,30.84,45.57,65.55
105,201,1530,38.47,-6999,68.12,30.84,46.74,65.51
105,201,1600,38.42,-6999,68.11,30.8,45.82,65.48
105,201,1630,38.4,-6999,68.13,30.79,44.83,65.44
105,201,1700,38.31,-6999,68.06,30.75,39.47,65.34
105,201,1730,38.34,-6999,68.12,30.81,39.3,65.34
105,201,1800,38.45,-6999,68.24,30.9,42.2,65.34
105,201,1830,38.49,-6999,68.31,30.92,40.57,65.29
105,201,1900,38.48,-6999,68.26,30.92,39.54,65.3
105,201,1930,38.4,-6999,68.2,30.9,38.41,65.34
105,201,2000,38.39,-6999,68.15,30.92,37.22,65.36
105,201,2030,38.38,-6999,68.05,30.93,32.88,65.36
105,201,2100,38.32,-6999,68.03,30.92,29.25,65.43
105,201,2130,38.32,-6999,68.08,30.94,25.7,65.59
105,201,2200,38.35,-6999,68.12,31,23.37,65.7
105,201,2230,38.37,-6999,68.16,30.98,21.84,65.77
105,201,2300,38.4,-6999,68.27,31,20.52,65.9
105,201,2330,38.43,-6999,68.27,31.03,18.93,65.99
105,201,2400,38.45,-6999,68.24,31.06,17.92,66.02
105,202,30,38.5,-6999,68.11,31.11,16.42,65.98
105,202,100,38.52,-6999,68.02,31.14,14.85,65.91
105,202,130,38.52,-6999,67.97,31.16,13.89,65.87
105,202,200,38.58,-6999,67.95,31.23,14.18,65.87
105,202,230,38.61,-6999,67.9,31.26,13.76,65.85
105,202,300,38.65,-6999,67.87,31.31,14.01,65.85
105,202,330,38.68,-6999,67.87,31.35,14.64,65.86
105,202,400,38.72,-6999,67.85,31.37,15.26,65.88
105,202,430,38.75,-6999,67.84,31.4,15.35,65.9
105,202,500,38.74,-6999,67.74,31.41,14.51,65.84
105,202,530,38.75,-6999,67.66,31.43,14.33,65.81
105,202,600,38.78,-6999,67.63,31.47,14.46,65.77
105,202,630,38.84,-6999,67.62,31.53,16.86,65.77
105,202,700,38.91,-6999,67.64,31.57,17.55,65.81
105,202,730,38.9,-6999,67.59,31.57,18.03,65.8
105,202,800,38.97,-6999,67.58,31.62,19.97,65.85
105,202,830,39.04,-6999,67.55,31.68,23.01,65.83
105,202,900,39.05,-6999,67.53,31.68,25.53,65.81
105,202,930,38.99,-6999,67.35,31.62,28.15,65.72
105,202,1000,38.89,-6999,67.12,31.56,31.53,65.6
105,202,1030,38.79,-6999,66.9,31.52,33.23,65.49
105,202,1100,38.65,-6999,66.75,31.47,33.68,65.43
105,202,1130,38.63,-6999,66.71,31.49,35.71,65.41
105,202,1200,38.59,-6999,66.7,31.47,33.43,65.38
105,202,1230,38.54,-6999,66.83,31.45,30.84,65.44
105,202,1300,38.61,-6999,66.96,31.51,32.83,65.57
105,202,1330,38.57,-6999,67.04,31.49,29.05,65.6
105,202,1400,38.47,-6999,66.97,31.45,28.44,65.54
105,202,1430,38.73,-6999,67.21,31.66,35.06,65.69
105,202,1500,38.71,-6999,67.22,31.62,35.74,65.69
105,202,1530,38.74,-6999,67.26,31.64,36.72,65.75
105,202,1600,38.56,-6999,67.17,31.53,32.57,65.64
105,202,1630,38.59,-6999,67.25,31.55,33.62,65.67
105,202,1700,38.56,-6999,67.15,31.54,29.47,65.61
105,202,1730,38.6,-6999,67.29,31.58,29.54,65.68
105,202,1800,38.54,-6999,67.4,31.55,27.23,65.7
105,202,1830,38.62,-6999,67.5,31.57,28.85,65.76
105,202,1900,38.61,-6999,67.57,31.59,26.13,65.79
105,202,1930,38.58,-6999,67.59,31.57,22.34,65.78
105,202,2000,38.57,-6999,67.66,31.57,19.97,65.83
105,202,2030,38.56,-6999,67.61,31.58,18.1,65.81
105,202,2100,38.6,-6999,67.61,31.63,17.34,65.83
105,202,2130,38.68,-6999,67.69,31.7,16.75,65.9
105,202,2200,38.72,-6999,67.74,31.72,16.23,65.96
105,202,2230,38.76,-6999,67.79,31.79,15.82,65.96
105,202,2300,38.8,-6999,67.86,31.83,15.75,65.97
105,202,2330,38.86,-6999,67.88,31.87,15.73,66.04
105,202,2400,38.87,-6999,67.84,31.9,15.49,66.04
105,203,30,38.87,-6999,67.86,31.9,15.34,66
105,203,100,38.88,-6999,67.91,31.91,15.15,66.02
105,203,130,38.88,-6999,67.88,31.93,15.19,66
105,203,200,38.9,-6999,67.92,31.93,15.21,66.06
105,203,230,38.9,-6999,67.98,31.94,14.97,66.09
105,203,300,38.89,-6999,68.01,31.91,14.68,66.1
105,203,330,38.88,-6999,68.02,31.92,14.53,66.07
105,203,400,38.91,-6999,68.07,31.95,14.43,66.07
105,203,430,38.9,-6999,68.1,31.95,14.38,66.08
105,203,500,38.9,-6999,68.12,31.97,14.32,66.04
105,203,530,38.9,-6999,68.1,31.98,14.26,66.04
105,203,600,38.92,-6999,68.17,32,14.32,66.06
105,203,630,38.94,-6999,68.14,32.02,14.44,66.02
105,203,700,38.96,-6999,68.18,32.04,14.8,66
105,203,730,38.96,-6999,68.14,32.04,14.92,65.97
105,203,800,38.98,-6999,68.12,32.08,15.53,65.93
105,203,830,39.01,-6999,68.2,32.11,16.33,65.91
105,203,900,38.99,-6999,68.17,32.1,16.34,65.84
105,203,930,39,-6999,68.17,32.13,16.61,65.81
105,203,1000,38.94,-6999,68.15,32.09,15.38,65.76
105,203,1030,38.95,-6999,68.11,32.14,16.06,65.67
105,203,1100,39.03,-6999,68.14,32.18,18.53,65.66
105,203,1130,39.04,-6999,68.11,32.17,19.66,65.65
105,203,1200,39.1,-6999,68.16,32.23,22.55,65.65
105,203,1230,39.09,-6999,68.15,32.23,21.74,65.58
105,203,1300,39.05,-6999,68.13,32.21,22.97,65.55
105,203,1330,38.96,-6999,68.03,32.15,20.01,65.55
105,203,1400,38.92,-6999,68.07,32.16,20.4,65.57
105,203,1430,39.09,-6999,68.14,32.28,24.44,65.69
105,203,1500,39.06,-6999,68.06,32.27,22.43,65.64
105,203,1530,38.94,-6999,67.97,32.2,21.67,65.58
105,203,1600,38.98,-6999,67.95,32.24,21.86,65.61
105,203,1630,38.94,-6999,67.86,32.23,20.27,65.56
105,203,1700,38.91,-6999,67.78,32.23,20.08,65.52
105,203,1730,38.9,-6999,67.74,32.21,18.96,65.49
105,203,1800,38.88,-6999,67.69,32.22,17.96,65.42
105,203,1830,38.89,-6999,67.62,32.24,17.42,65.36
105,203,1900,38.9,-6999,67.59,32.26,16.96,65.32
105,203,1930,38.95,-6999,67.6,32.32,16.91,65.31
105,203,2000,38.98,-6999,67.54,32.36,16.92,65.23
105,203,2030,39,-6999,67.49,32.39,16.34,65.19
105,203,2100,39,-6999,67.33,32.39,16,65.13
105,203,2130,39.01,-6999,67.28,32.42,15.67,65.12
105,203,2200,38.99,-6999,67.2,32.42,15.16,65.07
105,203,2230,39.01,-6999,67.06,32.45,14.98,65.04
105,203,2300,39.05,-6999,67.02,32.51,15.06,65.02
105,203,2330,39.05,-6999,66.89,32.52,15.14,65
105,203,2400,39.06,-6999,66.8,32.53,15.22,64.93
105,204,30,39.06,-6999,66.79,32.54,15.19,64.91
105,204,100,39.06,-6999,66.71,32.55,15.11,64.91
105,204,130,39.07,-6999,66.6,32.57,15.02,64.88
105,204,200,39.08,-6999,66.48,32.58,15.09,64.84
105,204,230,39.09,-6999,66.4,32.6,15.14,64.8
105,204,300,39.11,-6999,66.27,32.63,15.3,64.72
105,204,330,39.12,-6999,66.21,32.65,15.42,64.67
105,204,400,39.12,-6999,66.09,32.66,15.41,64.6
105,204,430,39.12,-6999,65.84,32.68,15.64,64.53
105,204,500,39.13,-6999,65.59,32.71,16.07,64.4
105,204,530,39.14,-6999,65.45,32.73,16.03,64.29
105,204,600,39.15,-6999,65.32,32.76,15.98,64.2
105,204,630,39.15,-6999,65.2,32.78,15.99,64.12
105,204,700,39.16,-6999,65.11,32.8,16.3,64.07
105,204,730,39.18,-6999,65,32.83,16.78,64.03
105,204,800,39.18,-6999,64.85,32.85,17.86,63.99
105,204,830,39.2,-6999,64.72,32.87,18.13,63.97
105,204,900,39.16,-6999,64.67,32.85,17.09,63.94
105,204,930,39.18,-6999,64.52,32.89,18.85,63.9
105,204,1000,39.16,-6999,64.47,32.89,17.52,63.86
105,204,1030,39.1,-6999,64.59,32.85,16.54,63.9
105,204,1100,39.12,-6999,64.72,32.86,17.5,63.96
105,204,1130,39.12,-6999,64.85,32.87,17.54,64.07
105,204,1200,39.1,-6999,64.82,32.86,16.95,64.11
105,204,1230,39.07,-6999,64.73,32.85,16.57,64.11
105,204,1300,39.1,-6999,64.65,32.89,16.87,64.11
105,204,1330,39.1,-6999,64.58,32.89,17.13,64.07
105,204,1400,39.14,-6999,64.59,32.93,17.35,64.04
105,204,1430,39.09,-6999,64.8,32.9,16.01,64.02
105,204,1500,39.04,-6999,64.87,32.87,15.33,64.04
105,204,1530,39.07,-6999,64.93,32.89,15.27,64.1
105,204,1600,39.09,-6999,65.02,32.92,15.28,64.12
105,204,1630,39.07,-6999,65.06,32.93,14.65,64.13
105,204,1700,39.1,-6999,65.2,32.97,14.71,64.12
105,204,1730,39.1,-6999,65.17,32.97,15.29,64.08
105,204,1800,39.13,-6999,65.19,32.99,15.05,64.1
105,204,1830,39.13,-6999,65.09,33,14.66,64.07
105,204,1900,39.14,-6999,64.99,33.01,14.03,64.01
105,204,1930,39.16,-6999,64.96,33.05,14.78,63.97
105,204,2000,39.21,-6999,64.91,33.1,14.87,63.94
105,204,2030,39.19,-6999,64.95,33.09,14.07,63.92
105,204,2100,39.15,-6999,64.97,33.07,13.55,63.92
105,204,2130,39.15,-6999,64.88,33.07,13.1,63.9
105,204,2200,39.14,-6999,64.91,33.08,11.86,63.83
105,204,2230,39.13,-6999,64.82,33.09,9.51,63.76
105,204,2300,39.12,-6999,64.75,33.1,8.77,63.71
105,204,2330,39.19,-6999,64.75,33.17,9.92,63.71
105,204,2400,39.26,-6999,64.74,33.23,10.38,63.7
105,205,30,39.28,-6999,64.69,33.25,9.84,63.67
105,205,100,39.24,-6999,64.64,33.23,7.63,63.6
105,205,130,39.26,-6999,64.64,33.26,8.85,63.6
105,205,200,39.27,-6999,64.61,33.27,7.24,63.58
105,205,230,39.25,-6999,64.57,33.27,7.25,63.56
105,205,300,39.26,-6999,64.54,33.28,6.935,63.53
105,205,330,39.28,-6999,64.5,33.31,6.588,63.5
105,205,400,39.3,-6999,64.47,33.33,6.438,63.47
105,205,430,39.3,-6999,64.43,33.34,6.452,63.44
105,205,500,39.31,-6999,64.42,33.35,6.726,63.44
105,205,530,39.34,-6999,64.39,33.38,7.13,63.46
105,205,600,39.38,-6999,64.42,33.42,7.93,63.49
105,205,630,39.44,-6999,64.45,33.47,9.12,63.55
105,205,700,39.51,-6999,64.45,33.51,10.33,63.58
105,205,730,39.55,-6999,64.46,33.55,12.35,63.57
105,205,800,39.54,-6999,64.47,33.54,14.98,63.55
105,205,830,39.47,-6999,64.52,33.48,17.19,63.54
105,205,900,39.4,-6999,64.52,33.45,18.18,63.52
105,205,930,39.41,-6999,64.55,33.46,19.39,63.55
105,205,1000,39.4,-6999,64.54,33.46,20.2,63.51
105,205,1030,39.32,-6999,64.5,33.4,19.43,63.45
105,205,1100,39.32,-6999,64.57,33.41,20.22,63.43
105,205,1130,39.41,-6999,64.59,33.49,22.9,63.4
105,205,1200,39.45,-6999,64.68,33.51,22.98,63.38
105,205,1230,39.45,-6999,64.74,33.53,25.97,63.35
105,205,1300,39.41,-6999,64.69,33.49,24.87,63.22
105,205,1330,39.32,-6999,64.63,33.44,24.61,63.13
105,205,1400,39.38,-6999,64.66,33.5,25.94,63.08
105,205,1430,39.22,-6999,64.61,33.4,22.73,62.99
105,205,1500,39.26,-6999,64.71,33.45,22.26,63.01
105,205,1530,39.27,-6999,64.85,33.46,23.32,63.1
105,205,1600,39.33,-6999,65.06,33.51,24.63,63.25
105,205,1630,39.38,-6999,65.15,33.55,25.3,63.29
105,205,1700,39.31,-6999,65.15,33.49,23.85,63.32
105,205,1730,39.33,-6999,65.24,33.52,25.23,63.38
105,205,1800,39.3,-6999,65.3,33.51,24.34,63.39
105,205,1830,39.32,-6999,65.39,33.54,24.64,63.44
105,205,1900,39.24,-6999,65.33,33.5,20.4,63.39
105,205,1930,39.2,-6999,65.35,33.49,20.06,63.4
105,205,2000,39.29,-6999,65.43,33.57,19.9,63.45
105,205,2030,39.35,-6999,65.44,33.63,19.82,63.46
105,205,2100,39.38,-6999,65.45,33.67,18.82,63.44
105,205,2130,39.38,-6999,65.42,33.69,18.2,63.4
105,205,2200,39.39,-6999,65.37,33.72,17.6,63.34
105,205,2230,39.4,-6999,65.23,33.75,17.06,63.2
105,205,2300,39.46,-6999,65.23,33.8,17.58,63.16
105,205,2330,39.47,-6999,65.23,33.81,17.29,63.15
105,205,2400,39.47,-6999,65.19,33.82,16.69,63.09
105,206,30,39.44,-6999,65.14,33.81,16.39,63.01
105,206,100,39.47,-6999,65.14,33.84,16.7,63.01
105,206,130,39.45,-6999,65.11,33.82,16.41,62.98
105,206,200,39.48,-6999,65.1,33.85,16.39,62.91
105,206,230,39.47,-6999,65.04,33.86,16.38,62.81
105,206,300,39.47,-6999,65.02,33.86,16.39,62.78
105,206,330,39.46,-6999,64.93,33.86,16.04,62.69
105,206,400,39.47,-6999,64.87,33.88,16.03,62.58
105,206,430,39.47,-6999,64.85,33.9,15.9,62.56
105,206,500,39.49,-6999,64.84,33.94,16.06,62.55
105,206,530,39.51,-6999,64.92,33.97,16.52,62.56
105,206,600,39.56,-6999,64.91,34.01,16.8,62.49
105,206,630,39.59,-6999,64.87,34.02,17.1,62.43
105,206,700,39.59,-6999,64.86,34.02,17.55,62.39
105,206,730,39.62,-6999,64.85,34.05,18.24,62.34
105,206,800,39.63,-6999,64.84,34.06,19.08,62.31
105,206,830,39.59,-6999,64.82,34.03,18.94,62.24
105,206,900,39.63,-6999,64.88,34.08,18.71,62.22
105,206,930,39.6,-6999,64.76,34.06,18.23,62.05
105,206,1000,39.59,-6999,64.64,34.09,19.12,61.87
105,206,1030,39.63,-6999,64.54,34.12,19.74,61.67
105,206,1100,39.61,-6999,64.49,34.13,19.11,61.58
105,206,1130,39.57,-6999,64.47,34.8,18.55,61.53
105,206,1200,39.61,-6999,64.35,34.1,19.1,61.25
105,206,1230,39.63,-6999,64.22,34.16,19.86,60.92
105,206,1300,39.59,-6999,64.18,34.17,19.11,60.78
105,206,1330,39.53,-6999,64.22,34.71,18.35,60.66
105,206,1400,39.55,-6999,64.15,34.23,20.11,60.41
105,206,1430,39.67,-6999,64.27,34.12,25,60.19
105,206,1500,39.68,-6999,64.31,34.19,25.63,60.09
105,206,1530,39.55,-6999,64.15,34.11,25.7,59.96
105,206,1600,39.5,-6999,64.13,34.1,26.27,59.95
105,206,1630,39.48,-6999,63.88,34.09,24.27,59.87
105,206,1700,39.32,-6999,63.65,34.01,24.09,59.78
105,206,1730,39.6,-6999,63.82,34.19,31.56,59.99
105,206,1800,39.4,-6999,63.94,33.98,28.12,60.27
105,206,1830,39.2,-6999,63.82,33.91,25.45,60.36
105,206,1900,39.33,-6999,64,34.02,25.49,60.6
105,206,1930,39.23,-6999,63.95,33.97,22.02,60.73
105,206,2000,39.28,-6999,63.96,34.05,20.55,60.82
105,206,2030,39.3,-6999,63.93,34.08,18.98,60.96
105,206,2100,39.33,-6999,63.93,34.13,17.89,61.01
105,206,2130,39.35,-6999,64.12,34.15,17.2,61.16
105,206,2200,39.37,-6999,64.3,34.18,16.3,61.31
105,206,2230,39.44,-6999,64.36,34.26,16.46,61.4
105,206,2300,39.46,-6999,64.31,34.29,16.05,61.42
105,206,2330,39.48,-6999,64.28,34.33,15.11,61.42
105,206,2400,39.5,-6999,64.29,34.34,15.44,61.48
105,207,30,39.52,-6999,64.32,34.37,15.59,61.54
105,207,100,39.53,-6999,64.28,34.4,14.96,61.53
105,207,130,39.53,-6999,64.26,34.4,14.75,61.52
105,207,200,39.52,-6999,64.22,34.4,14.41,61.52
105,207,230,39.55,-6999,64.19,34.43,14.53,61.51
105,207,300,39.57,-6999,64.19,34.45,15.13,61.58
105,207,330,39.56,-6999,63.96,34.47,14.69,61.51
105,207,400,39.5,-6999,63.79,34.43,13.69,61.46
105,207,430,39.48,-6999,63.71,34.43,13.29,61.43
105,207,500,39.48,-6999,63.69,34.44,13.07,61.41
105,207,530,39.51,-6999,63.85,34.47,12.84,61.43
105,207,600,39.52,-6999,63.88,34.49,12.69,61.43
105,207,630,39.54,-6999,63.97,34.51,12.88,61.51
105,207,700,39.63,-6999,64,34.58,14.01,61.54
105,207,730,39.59,-6999,63.94,34.57,13.33,61.53
105,207,800,39.63,-6999,64.04,34.59,14.92,61.6
105,207,830,39.54,-6999,64.15,34.53,15.76,61.68
105,207,900,39.6,-6999,64.32,34.56,16.01,61.8
105,207,930,39.61,-6999,64.58,34.56,16.05,61.9
105,207,1000,39.61,-6999,64.73,34.58,19.04,61.96
105,207,1030,39.63,-6999,64.72,34.58,20.33,61.96
105,207,1100,39.56,-6999,64.78,34.52,18.81,61.97
105,207,1130,39.55,-6999,65.05,34.53,21.03,62.07
105,207,1200,39.44,-6999,65.11,34.44,16.16,62.01
105,207,1230,39.41,-6999,65.31,34.45,17.68,62.06
105,207,1300,39.44,-6999,65.21,34.47,15.68,62.02
105,207,1330,39.61,-6999,65.47,34.59,18.15,62.13
105,207,1400,39.55,-6999,65.48,34.55,17.64,62.11
105,207,1430,39.58,-6999,65.67,34.58,21.07,62.2
105,207,1500,39.65,-6999,65.92,34.61,21.53,62.33
105,207,1530,39.63,-6999,66,34.59,20.66,62.31
105,207,1600,39.59,-6999,66.05,34.56,19.97,62.34
105,207,1630,39.57,-6999,65.88,34.58,18.31,62.33
105,207,1700,39.63,-6999,66.2,34.59,19.51,62.47
105,207,1730,39.58,-6999,66.27,34.57,18.38,62.46
105,207,1800,39.62,-6999,66.44,34.6,16.92,62.51
105,207,1830,39.58,-6999,66.46,34.59,16.52,62.49
105,207,1900,39.62,-6999,66.49,34.62,15.96,62.51
105,207,1930,39.62,-6999,66.56,34.63,15.37,62.58
105,207,2000,39.65,-6999,66.63,34.66,14.28,62.59
105,207,2030,39.6,-6999,66.6,34.61,12.19,62.59
105,207,2100,39.64,-6999,66.67,34.67,11.69,62.68
105,207,2130,39.68,-6999,66.65,34.71,11.82,62.65
105,207,2200,39.69,-6999,66.6,34.74,10.86,62.62
105,207,2230,39.73,-6999,66.57,34.77,10.97,62.64
105,207,2300,39.75,-6999,66.57,34.79,11.24,62.65
105,207,2330,39.79,-6999,66.52,34.83,11.21,62.68
105,207,2400,39.81,-6999,66.55,34.84,11.32,62.68
105,208,30,39.84,-6999,66.49,34.9,11.34,62.71
105,208,100,39.87,-6999,66.51,34.91,11.64,62.68
105,208,130,39.87,-6999,66.49,34.91,11.79,62.69
105,208,200,39.88,-6999,66.47,34.93,11.81,62.66
105,208,230,39.85,-6999,66.37,34.93,11.06,62.59
105,208,300,39.85,-6999,66.32,34.93,11.33,62.59
105,208,330,39.87,-6999,66.09,34.95,11.69,62.61
105,208,400,39.88,-6999,65.96,34.97,11.55,62.62
105,208,430,39.85,-6999,65.59,34.95,11.46,62.58
105,208,500,39.88,-6999,65.63,34.98,11.66,62.54
105,208,530,39.88,-6999,65.39,35,11.43,62.5
105,208,600,39.9,-6999,65.34,35.03,11.87,62.47
105,208,630,39.91,-6999,65.24,35.04,12.15,62.44
105,208,700,39.92,-6999,65.33,35.03,12.8,62.46
105,208,730,39.94,-6999,65.3,35.06,13.53,62.46
105,208,800,39.95,-6999,65.35,35.08,13.93,62.44
105,208,830,39.94,-6999,65.17,35.08,14.43,62.39
105,208,900,40,-6999,64.75,35.15,16.81,62.38
105,208,930,39.99,-6999,63.74,35.15,17.39,62.3
105,208,1000,39.95,-6999,64.07,35.12,18.66,62.22
105,208,1030,39.97,-6999,64.28,35.14,20.47,62.22
105,208,1100,39.95,-6999,64.26,35.12,21.67,62.16
105,208,1130,39.89,-6999,64.11,35.08,22.11,62.09
105,208,1200,39.85,-6999,64.39,35.04,22.25,62.15
105,208,1230,39.86,-6999,64.57,35.07,23.73,62.17
105,208,1300,39.82,-6999,64.68,35.03,22.07,62.14
105,208,1330,39.79,-6999,64.73,35.04,23.36,62.15
105,208,1400,39.78,-6999,64.15,35.06,23.36,62.11
105,208,1430,39.76,-6999,64.08,35.05,23.38,62.13
105,208,1500,39.92,-6999,64.62,35.15,27.81,62.24
105,208,1530,39.76,-6999,64.4,35.04,24.42,62.18
105,208,1600,39.74,-6999,64.63,35.02,26.77,62.21
105,208,1630,39.78,-6999,64.9,35.05,26.13,62.23
105,208,1700,39.73,-6999,64.75,35.04,24.91,62.19
105,208,1730,39.63,-6999,64.12,34.98,22.34,62.08
105,208,1800,39.64,-6999,64.2,34.99,20.66,62.12
105,208,1830,39.77,-6999,64.43,35.1,23.24,62.14
105,208,1900,39.73,-6999,64.59,35.07,18.61,62.11
105,208,1930,39.73,-6999,64.59,35.09,17.86,62.1
105,208,2000,39.75,-6999,64.5,35.1,15.75,62.1
105,208,2030,39.79,-6999,64.64,35.14,14.47,62.09
105,208,2100,39.81,-6999,64.59,35.17,13.66,62.08
105,208,2130,39.86,-6999,64.66,35.22,13.09,62.08
105,208,2200,39.91,-6999,64.7,35.26,12.64,62.12
105,208,2230,39.91,-6999,64.71,35.27,12.47,62.14
105,208,2300,39.95,-6999,64.71,35.31,12.32,62.16
105,208,2330,39.98,-6999,64.58,35.33,12.23,62.14
105,208,2400,40.02,-6999,64.63,35.38,12.24,62.13
105,209,30,40.02,-6999,64.52,35.39,12.25,62.13
105,209,100,40,-6999,64.29,35.4,12.12,62.04
105,209,130,40,-6999,64.33,35.42,12.03,62.03
105,209,200,40,-6999,64.36,35.44,11.97,62.03
105,209,230,40,-6999,64.23,35.45,11.85,61.97
105,209,300,40,-6999,63.94,35.47,11.89,61.92
105,209,330,39.95,-6999,63.53,35.45,11.45,61.91
105,209,400,39.93,-6999,63.21,35.44,11.6,61.87
105,209,430,39.98,-6999,63.38,35.47,11.86,61.83
105,209,500,39.99,-6999,63.41,35.49,11.82,61.8
105,209,530,40,-6999,63.32,35.5,11.7,61.79
105,209,600,40.01,-6999,63.16,35.52,11.69,61.74
105,209,630,40.03,-6999,63.05,35.55,12.13,61.71
105,209,700,40.1,-6999,62.97,35.62,13.52,61.68
105,209,730,40.11,-6999,62.85,35.63,13.15,61.67
105,209,800,40.16,-6999,62.75,35.68,16.23,61.68
105,209,830,40.11,-6999,62.89,35.63,15.97,61.67
105,209,900,40.05,-6999,62.8,35.59,17.38,61.62
105,209,930,40.07,-6999,62.78,35.61,18.56,61.61
105,209,1000,40.06,-6999,62.55,35.61,19.66,61.58
105,209,1030,40.07,-6999,62.47,35.62,23.06,61.53
105,209,1100,40.11,-6999,62.56,35.63,24.51,61.52
105,209,1130,39.99,-6999,62.61,35.55,25.63,61.56
105,209,1200,40.07,-6999,62.56,35.62,26.25,61.52
105,209,1230,39.95,-6999,62.38,35.53,28.3,61.44
105,209,1300,39.99,-6999,62.55,35.57,33.34,61.51
105,209,1330,40.02,-6999,62.51,35.57,36.91,61.47
105,209,1400,39.77,-6999,62.22,35.4,35.85,61.29
105,209,1430,39.75,-6999,62.19,35.42,36.33,61.28
105,209,1500,39.81,-6999,62.42,35.43,37.55,61.34
105,209,1530,39.8,-6999,62.27,35.42,37.78,61.35
105,209,1600,39.76,-6999,62.18,35.43,40.61,61.29
105,209,1630,39.85,-6999,62.29,35.47,41.33,61.34
105,209,1700,39.71,-6999,62.19,35.39,39.73,61.29
105,209,1730,39.77,-6999,62.28,35.43,38.43,61.35
105,209,1800,39.78,-6999,62.26,35.45,36.88,61.4
105,209,1830,39.67,-6999,62.06,35.4,27.19,61.37
105,209,1900,39.75,-6999,62.13,35.5,27.21,61.49
105,209,1930,39.69,-6999,61.88,35.48,21.43,61.52
105,209,2000,39.75,-6999,61.94,35.54,21.97,61.6
105,209,2030,39.77,-6999,61.84,35.56,19.64,61.62
105,209,2100,39.87,-6999,61.88,35.64,16.8,61.67
105,209,2130,39.84,-6999,61.84,35.62,13.73,61.65
105,209,2200,39.89,-6999,61.75,35.68,11.96,61.68
105,209,2230,39.97,-6999,61.78,35.74,11.39,61.72
105,209,2300,40.1,-6999,61.89,35.84,12.72,61.78
105,209,2330,40.17,-6999,61.96,35.87,11.23,61.81
105,209,2400,40.12,-6999,61.98,35.85,8.09,61.8
105,210,30,40.09,-6999,62.04,35.83,6.975,61.82
105,210,100,40.11,-6999,62.06,35.45,6.578,61.83
105,210,130,40.14,-6999,62.11,35.61,6.23,61.84
105,210,200,40.16,-6999,62.18,35.64,5.836,61.85
105,210,230,40.17,-6999,62.22,35.63,5.255,61.86
105,210,300,40.19,-6999,62.28,35.57,4.983,61.87
105,210,330,40.22,-6999,62.31,35.6,5.062,61.89
105,210,400,40.24,-6999,62.35,35.67,4.788,61.9
105,210,430,40.26,-6999,62.39,35.73,4.487,61.91
105,210,500,40.28,-6999,62.42,35.78,4.389,61.92
105,210,530,40.28,-6999,62.42,35.81,4.516,61.92
105,210,600,40.35,-6999,62.47,35.86,5.537,61.95
105,210,630,40.42,-6999,62.51,35.93,7.29,61.98
105,210,700,40.51,-6999,62.54,35.98,9.17,62.02
105,210,730,40.59,-6999,62.54,36.02,10.03,62.02
105,210,800,40.56,-6999,62.59,35.98,11.86,61.96
105,210,830,40.52,-6999,62.65,35.96,13.23,61.91
105,210,900,40.48,-6999,62.67,35.95,14.49,61.86
105,210,930,40.36,-6999,62.76,35.89,15.88,61.84
105,210,1000,40.34,-6999,62.77,36,22.86,61.89
105,210,1030,40.27,-6999,62.85,35.99,30.52,61.89
105,210,1100,40.18,-6999,62.81,35.92,31.59,61.86
105,210,1130,40.12,-6999,62.98,35.9,36.08,61.83
105,210,1200,40.09,-6999,63.06,35.9,38.84,61.84
105,210,1230,40.19,-6999,63.23,35.98,44.73,61.92
105,210,1300,40.18,-6999,63.37,35.97,47.81,61.96
105,210,1330,40.02,-6999,63.43,35.85,40.25,61.9
105,210,1400,40.09,-6999,63.71,35.94,48.68,62.05
105,210,1430,40.16,-6999,63.74,35.97,46.14,62.07
105,210,1500,40.12,-6999,63.77,35.94,46.46,62.04
105,210,1530,40.16,-6999,63.88,35.98,48.39,62.03
105,210,1600,40.1,-6999,63.99,35.94,46.32,61.98
105,210,1630,40.04,-6999,64.02,35.91,42.78,61.95
105,210,1700,40.13,-6999,64.1,35.96,43.5,62.02
105,210,1730,40.16,-6999,64.17,35.99,44.64,62.03
105,210,1800,40.1,-6999,64.26,35.96,43.06,61.95
105,210,1830,40.1,-6999,64.29,35.97,38.3,61.97
105,210,1900,40.1,-6999,64.32,35.98,35.66,61.94
105,210,1930,40.1,-6999,64.4,36,32.05,61.9
105,210,2000,40.07,-6999,64.48,35.98,27.22,61.86
105,210,2030,40.04,-6999,64.59,35.98,23.46,61.85
105,210,2100,40.08,-6999,64.56,36.02,17.13,61.87
105,210,2130,40.07,-6999,64.5,36.04,13.96,61.86
105,210,2200,40.11,-6999,64.49,36.09,11.53,61.89
105,210,2230,40.14,-6999,64.45,36.11,9.86,61.91
105,210,2300,40.21,-6999,64.47,36.13,9.04,61.97
105,210,2330,40.24,-6999,64.46,36.13,8.57,61.99
105,210,2400,40.29,-6999,64.46,36.13,8.06,62.04
105,211,30,40.33,-6999,64.46,36.13,7.69,62.08
105,211,100,40.36,-6999,64.43,36.13,7.25,62.12
105,211,130,40.39,-6999,64.43,36.15,6.967,62.17
105,211,200,40.41,-6999,64.42,36.14,6.605,62.21
105,211,230,40.45,-6999,64.43,36.18,6.486,62.26
105,211,300,40.5,-6999,64.46,36.24,6.688,62.32
105,211,330,40.51,-6999,64.41,36.25,6.319,62.35
105,211,400,40.52,-6999,64.39,36.28,6.098,62.38
105,211,430,40.53,-6999,64.38,36.3,5.94,62.41
105,211,500,40.54,-6999,64.38,36.32,5.706,62.44
105,211,530,40.55,-6999,64.36,36.35,5.782,62.48
105,211,600,40.58,-6999,64.33,36.36,6.529,62.5
105,211,630,40.66,-6999,64.34,36.42,8.03,62.55
105,211,700,40.76,-6999,64.34,36.48,10.5,62.58
105,211,730,40.81,-6999,64.32,36.51,12.65,62.59
105,211,800,40.73,-6999,64.22,36.46,12.64,62.55
105,211,830,40.75,-6999,64.17,36.5,19,62.58
105,211,900,40.8,-6999,64.33,36.52,21.5,62.58
105,211,930,40.7,-6999,64.52,36.46,22.85,62.56
105,211,1000,40.72,-6999,64.82,36.56,26.45,62.6
105,211,1030,40.59,-6999,64.9,36.5,28.3,62.61
105,211,1100,40.54,-6999,64.91,36.5,29.16,62.6
105,211,1130,40.59,-6999,65.01,36.55,35.87,62.65
105,211,1200,40.65,-6999,65.08,36.57,42.36,62.69
105,211,1230,40.47,-6999,65.03,36.44,42.48,62.6
105,211,1300,40.49,-6999,64.96,36.44,40.19,62.62
105,211,1330,40.27,-6999,64.88,36.28,32.01,62.54
105,211,1400,40.29,-6999,64.87,36.31,29.69,62.61
105,211,1430,40.53,-6999,65.18,36.49,40.86,62.8
105,211,1500,40.39,-6999,65.07,36.38,33.43,62.75
105,211,1530,40.33,-6999,65.16,36.35,29.6,62.71
105,211,1600,40.38,-6999,65.2,36.4,31.8,62.7
105,211,1630,40.4,-6999,65.19,36.41,30.29,62.65
105,211,1700,40.52,-6999,65.33,36.49,38.36,62.73
105,211,1730,40.52,-6999,65.32,36.46,39.98,62.71
105,211,1800,40.41,-6999,65.31,36.38,33.26,62.61
105,211,1830,40.3,-6999,65.24,36.33,25.44,62.5
105,211,1900,40.39,-6999,65.21,36.42,23.91,62.48
105,211,1930,40.43,-6999,65.17,36.46,21.62,62.46
105,211,2000,40.45,-6999,65.05,36.51,21.11,62.47
105,211,2030,40.42,-6999,64.9,36.5,18.85,62.44
105,211,2100,40.48,-6999,64.98,36.54,18.38,62.47
105,211,2130,40.57,-6999,65,36.59,17.32,62.52
105,211,2200,40.6,-6999,64.98,36.6,17.07,62.54
105,211,2230,40.62,-6999,64.98,36.63,15.31,62.55
105,211,2300,40.6,-6999,64.97,36.62,13.42,62.55
105,211,2330,40.59,-6999,64.93,36.62,12.75,62.56
105,211,2400,40.58,-6999,64.88,36.58,11.79,62.55
105,212,30,40.6,-6999,64.89,36.57,11.13,62.58
105,212,100,40.65,-6999,64.92,36.63,11.36,62.64
105,212,130,40.67,-6999,64.88,36.65,11.2,62.66
105,212,200,40.7,-6999,64.86,36.67,11.08,62.7
105,212,230,40.73,-6999,64.88,36.7,11.83,62.73
105,212,300,40.78,-6999,64.9,36.74,12.98,62.79
105,212,330,40.81,-6999,64.88,36.77,13.67,62.83
105,212,400,40.81,-6999,64.84,36.79,13.98,62.84
105,212,430,40.83,-6999,64.84,36.82,14.15,62.9
105,212,500,40.81,-6999,64.74,36.81,14.05,62.9
105,212,530,40.78,-6999,64.69,36.81,14.21,62.91
105,212,600,40.81,-6999,64.68,36.82,14.77,62.93
105,212,630,40.83,-6999,64.66,36.85,15.95,62.95
105,212,700,40.84,-6999,64.67,36.87,16.09,62.98
105,212,730,40.85,-6999,64.67,36.89,16.88,63.01
105,212,800,40.85,-6999,64.64,36.89,17.69,63
105,212,830,40.9,-6999,64.66,36.92,19.04,63.04
105,212,900,40.92,-6999,64.68,36.92,19.22,63.05
105,212,930,40.92,-6999,64.63,36.91,19.23,63.04
105,212,1000,40.89,-6999,64.61,36.9,20.17,63.02
105,212,1030,40.89,-6999,64.61,36.89,20.82,63.01
105,212,1100,40.88,-6999,64.66,36.89,22.05,63.02
105,212,1130,40.94,-6999,64.74,36.93,26.19,63.05
105,212,1200,40.95,-6999,64.79,36.93,28.26,63.04
105,212,1230,40.94,-6999,64.73,36.91,31.63,63.02
105,212,1300,40.91,-6999,64.73,36.89,34.65,63
105,212,1330,40.81,-6999,64.69,36.82,35.38,62.96
105,212,1400,40.79,-6999,64.73,36.81,35.33,62.98
105,212,1430,40.67,-6999,64.67,36.73,31.71,62.95
105,212,1500,40.62,-6999,64.72,36.7,27.77,63.01
105,212,1530,40.55,-6999,64.75,36.67,25.36,63.08
105,212,1600,40.61,-6999,64.77,36.74,24.18,63.16
105,212,1630,40.58,-6999,64.85,36.71,21.28,63.22
105,212,1700,40.61,-6999,64.78,36.76,19.22,63.24
105,212,1730,40.58,-6999,64.74,36.75,17.52,63.31
105,212,1800,40.65,-6999,64.75,36.84,17.97,63.32
105,212,1830,40.7,-6999,64.75,36.87,17.06,63.34
105,212,1900,40.72,-6999,64.7,36.86,16.38,63.33
105,212,1930,40.75,-6999,64.52,37.05,16.17,63.24
105,212,2000,40.78,-6999,64.38,37.08,16.1,63.11
105,212,2030,40.74,-6999,64.32,37.07,15.96,62.94
105,212,2100,40.75,-6999,64.3,36.98,16.06,62.79
105,212,2130,40.78,-6999,64.25,36.92,16.34,62.64
105,212,2200,40.78,-6999,64.29,36.91,15.95,62.57
105,212,2230,40.79,-6999,64.33,36.92,15.66,62.55
105,212,2300,40.81,-6999,64.31,36.94,15.59,62.49
105,212,2330,40.83,-6999,64.34,36.95,15.41,62.49
105,212,2400,40.86,-6999,64.31,36.98,15.85,62.46
105,213,30,40.87,-6999,64.31,37,16.11,62.44
105,213,100,40.86,-6999,64.27,37.02,16.29,62.45
105,213,130,40.91,-6999,64.21,37.04,16.47,62.43
105,213,200,40.91,-6999,64.26,37.04,16.62,62.44
105,213,230,40.91,-6999,64.3,37.05,16.51,62.47
105,213,300,40.88,-6999,64.29,37.04,16.43,62.49
105,213,330,40.86,-6999,64.22,37.04,16.43,62.45
105,213,400,40.81,-6999,64.06,37.02,15.81,62.47
105,213,430,40.77,-6999,64.05,37,15.08,62.47
105,213,500,40.75,-6999,64.01,37,13.87,62.47
105,213,530,40.72,-6999,63.9,36.98,11.79,62.4
105,213,600,40.73,-6999,63.87,36.98,10.88,62.39
105,213,630,40.76,-6999,63.92,37,10.49,62.41
105,213,700,40.82,-6999,64.12,37.04,10.42,62.45
105,213,730,40.87,-6999,64.39,37.09,10.59,62.53
105,213,800,40.91,-6999,64.54,37.11,11.08,62.59
105,213,830,40.89,-6999,64.61,37.1,11.93,62.65
105,213,900,40.8,-6999,64.53,37.06,12.83,62.67
105,213,930,40.71,-6999,64.39,37.02,13.81,62.77
105,213,1000,40.73,-6999,64.36,37.04,19.17,62.83
105,213,1030,40.72,-6999,64.57,37.03,25.09,62.9
105,213,1100,40.71,-6999,64.57,37.05,28.61,62.94
105,213,1130,40.73,-6999,64.84,37.05,31,63.02
105,213,1200,40.71,-6999,64.86,37.03,32.58,63.05
105,213,1230,40.67,-6999,64.9,36.99,34.39,63.06
105,213,1300,40.68,-6999,65.12,37,36.47,63.12
105,213,1330,40.65,-6999,64.96,36.98,39.62,63.12
105,213,1400,40.66,-6999,65.25,36.98,40.54,63.17
105,213,1430,40.6,-6999,65.14,36.94,41.68,63.19
105,213,1500,40.64,-6999,65.29,36.97,43.66,63.22
105,213,1530,40.66,-6999,65.41,36.98,44.65,63.27
105,213,1600,40.67,-6999,65.48,36.97,44.59,63.27
105,213,1630,40.66,-6999,65.69,36.97,44.5,63.32
105,213,1700,40.66,-6999,65.74,36.97,43.08,63.32
105,213,1730,40.63,-6999,65.68,36.93,41.07,63.3
105,213,1800,40.64,-6999,65.97,36.94,38.21,63.37
105,213,1830,40.66,-6999,66.03,36.97,31.76,63.4
105,213,1900,40.7,-6999,66.09,37.01,30.03,63.4
105,213,1930,40.69,-6999,66.06,37.01,27.98,63.42
105,213,2000,40.74,-6999,66.18,37.04,23.8,63.44
105,213,2030,40.76,-6999,66.26,37.06,18.45,63.45
105,213,2100,40.75,-6999,66.35,37.07,12.93,63.49
105,213,2130,40.75,-6999,66.28,37.09,10.99,63.44
105,213,2200,40.77,-6999,66.27,37.12,9.75,63.44
105,213,2230,40.82,-6999,66.34,37.17,9.11,63.42
105,213,2300,40.87,-6999,66.24,37.2,8.46,63.37
105,213,2330,40.89,-6999,66.13,37.22,8.11,63.32
105,213,2400,40.91,-6999,65.99,37.23,7.34,63.26
105,214,30,40.92,-6999,65.89,37.24,7.18,63.22
105,214,100,40.95,-6999,65.84,37.27,7.22,63.2
105,214,130,40.99,-6999,65.81,37.3,7.41,63.19
105,214,200,41.03,-6999,65.78,37.34,7.63,63.19
105,214,230,41.06,-6999,65.75,37.36,8.01,63.2
105,214,300,41.07,-6999,65.71,37.37,8.23,63.18
105,214,330,41.08,-6999,65.63,37.39,8.4,63.15
105,214,400,41.06,-6999,65.55,37.4,8.28,63.12
105,214,430,41.05,-6999,65.37,37.4,7.81,63.04
105,214,500,41.02,-6999,65.18,37.38,7.44,62.94
105,214,530,41.01,-6999,65.05,37.38,7.37,62.85
105,214,600,41.04,-6999,64.94,37.4,8.03,62.8
105,214,630,41.06,-6999,64.87,37.43,8.21,62.75
105,214,700,41.11,-6999,64.78,37.47,9.44,62.73
105,214,730,41.2,-6999,64.81,37.54,11.51,62.77
105,214,800,41.15,-6999,64.76,37.5,11.92,62.71
105,214,830,41.2,-6999,64.8,37.53,14.68,62.76
105,214,900,41.18,-6999,64.74,37.49,16.73,62.78
105,214,930,41.11,-6999,64.7,37.43,18.53,62.75
105,214,1000,41.03,-6999,64.66,37.38,20.14,62.76
105,214,1030,41,-6999,64.59,37.36,21.32,62.74
105,214,1100,40.94,-6999,64.56,37.34,20.74,62.68
105,214,1130,40.92,-6999,64.57,37.33,22.99,62.62
105,214,1200,40.93,-6999,64.51,37.34,21.4,62.53
105,214,1230,40.81,-6999,64.45,37.27,19.21,62.39
105,214,1300,40.85,-6999,64.36,37.32,19.47,62.27
105,214,1330,40.9,-6999,64.3,37.36,19.41,62.19
105,214,1400,40.91,-6999,64.27,37.38,19.35,62.1
105,214,1430,40.89,-6999,64.22,37.36,18.13,62.05
105,214,1500,40.89,-6999,64.13,37.38,16.1,61.96
105,214,1530,40.89,-6999,63.98,37.39,14.92,61.83
105,214,1600,40.91,-6999,63.99,37.4,14.82,61.8
105,214,1630,40.9,-6999,63.89,37.42,15.27,61.83
105,214,1700,40.89,-6999,63.92,37.36,15.39,61.85
105,214,1730,40.86,-6999,64.19,37.29,15.12,61.95
105,214,1800,40.88,-6999,64.35,37.33,14.91,61.94
105,214,1830,40.93,-6999,64.25,37.59,14.84,61.77
105,214,1900,40.97,-6999,64.22,37.32,15.36,61.61
105,214,1930,40.99,-6999,64.29,37.28,15.73,61.5
105,214,2000,40.99,-6999,64.37,37.28,16.08,61.45
105,214,2030,40.98,-6999,64.38,37.34,16.07,61.35
105,214,2100,40.99,-6999,64.32,37.4,16.07,61.25
105,214,2130,41.01,-6999,64.2,37.44,16.01,61.17
105,214,2200,41.01,-6999,64.13,37.46,16.1,61.09
105,214,2230,41.03,-6999,64.12,37.49,16.33,61.05
105,214,2300,41.03,-6999,64.17,37.5,16.55,61.06
105,214,2330,41.04,-6999,64.17,37.52,16.74,61.04
105,214,2400,41.03,-6999,64.13,37.53,16.87,60.99
105,215,30,41.04,-6999,63.99,37.56,17.04,60.9
105,215,100,41.05,-6999,64,37.56,17.3,60.89
105,215,130,41.06,-6999,63.95,37.58,17.53,60.89
105,215,200,41.05,-6999,63.96,37.57,17.69,60.92
105,215,230,41.06,-6999,63.97,37.6,17.69,60.93
105,215,300,41.05,-6999,63.92,37.6,17.6,60.92
105,215,330,41.05,-6999,63.82,37.6,17.57,60.82
105,215,400,41.04,-6999,63.77,37.59,17.41,60.82
105,215,430,41.05,-6999,63.69,37.61,17.58,60.78
105,215,500,41.05,-6999,63.67,37.61,17.61,60.76
105,215,530,41.03,-6999,63.65,37.58,17.59,60.76
105,215,600,41.03,-6999,63.7,37.59,17.65,60.83
105,215,630,41.04,-6999,63.61,37.6,17.9,60.8
105,215,700,41.06,-6999,63.62,37.61,18.76,60.79
105,215,730,41.07,-6999,63.6,37.63,18.96,60.75
105,215,800,41.11,-6999,63.6,37.66,19.62,60.76
105,215,830,41.14,-6999,63.65,37.69,20.91,60.81
105,215,900,41.16,-6999,63.65,37.7,21.21,60.81
105,215,930,41.13,-6999,63.72,37.68,22.3,60.82
105,215,1000,-6999,-6999,63.8,37.65,21.98,60.84
105,215,1030,-6999,-6999,63.83,37.68,24.19,-6999
105,215,1100,-6999,-6999,64.15,37.65,25.35,-6999
105,215,1130,-6999,-6999,64.19,37.61,25.6,60.88
105,215,1200,-6999,-6999,64.18,-6999,-6999,-6999
105,215,1230,-6999,-6999,64.28,-6999,-6999,-6999
105,215,1300,-6999,-6999,64.38,-6999,-6999,-6999
105,215,1330,-6999,-6999,64.43,-6999,-6999,-6999
105,215,1400,-6999,-6999,64.51,-6999,-6999,-6999
105,215,1430,-6999,-6999,64.68,-6999,-6999,-6999
105,215,1500,-6999,-6999,64.79,-6999,-6999,-6999
105,215,1530,-6999,-6999,64.79,-6999,-6999,-6999
105,215,1600,-6999,-6999,64.8,-6999,-6999,-6999
105,215,1630,-6999,-6999,64.74,-6999,-6999,-6999
105,215,1700,-6999,-6999,64.74,-6999,-6999,-6999
105,215,1730,-6999,-6999,64.79,-6999,-6999,-6999
105,215,1800,-6999,-6999,64.84,-6999,-6999,-6999
105,215,1830,-6999,-6999,64.88,-6999,-6999,-6999
105,215,1900,-6999,-6999,64.86,-6999,-6999,-6999
105,215,1930,-6999,-6999,64.92,-6999,-6999,-6999
105,215,2000,-6999,-6999,64.85,-6999,-6999,-6999
105,215,2030,-6999,-6999,64.76,-6999,-6999,-6999
105,215,2100,-6999,-6999,64.8,-6999,-6999,-6999
105,215,2130,-6999,-6999,64.71,-6999,-6999,-6999
105,215,2200,-6999,-6999,64.63,-6999,-6999,-6999
105,215,2230,-6999,-6999,64.55,-6999,-6999,-6999
105,215,2300,-6999,-6999,64.37,-6999,-6999,-6999
105,215,2330,-6999,-6999,64.16,-6999,-6999,-6999
105,215,2400,-6999,-6999,64.08,-6999,-6999,-6999
105,216,30,-6999,-6999,63.95,-6999,-6999,-6999
105,216,100,-6999,-6999,63.95,-6999,-6999,-6999
105,216,130,-6999,-6999,63.96,-6999,-6999,-6999
105,216,200,-6999,-6999,63.95,-6999,-6999,-6999
105,216,230,-6999,-6999,63.81,-6999,-6999,-6999
105,216,300,-6999,-6999,63.8,-6999,-6999,-6999
105,216,330,-6999,-6999,63.69,-6999,-6999,-6999
105,216,400,-6999,-6999,63.59,-6999,-6999,-6999
105,216,430,-6999,-6999,63.5,-6999,-6999,-6999
105,216,500,-6999,-6999,63.42,-6999,-6999,-6999
105,216,530,-6999,-6999,63.38,-6999,-6999,-6999
105,216,600,-6999,-6999,63.35,-6999,-6999,-6999
105,216,630,-6999,-6999,63.36,-6999,-6999,-6999
105,216,700,-6999,-6999,63.29,-6999,-6999,-6999
105,216,730,-6999,-6999,63.2,-6999,-6999,-6999
105,216,800,-6999,-6999,63.21,-6999,-6999,-6999
105,216,830,-6999,-6999,63.3,-6999,-6999,-6999
105,216,900,-6999,-6999,63.34,-6999,-6999,-6999
105,216,930,-6999,-6999,63.41,-6999,-6999,-6999
105,216,1000,-6999,-6999,63.45,-6999,-6999,-6999
105,216,1030,-6999,-6999,63.52,-6999,-6999,-6999
105,216,1100,-6999,-6999,63.59,-6999,-6999,-6999
105,216,1130,-6999,-6999,63.7,-6999,-6999,-6999
105,216,1200,-6999,-6999,63.81,-6999,-6999,-6999
105,216,1230,-6999,-6999,64.02,-6999,-6999,-6999
105,216,1300,-6999,-6999,63.88,-6999,-6999,-6999
105,216,1330,-6999,-6999,63.75,-6999,-6999,-6999
105,216,1400,-6999,-6999,63.54,-6999,-6999,-6999
105,216,1430,-6999,-6999,63.5,-6999,-6999,-6999
105,216,1500,-6999,-6999,63.56,-6999,-6999,-6999
105,216,1530,-6999,-6999,63.45,-6999,-6999,-6999
105,216,1600,-6999,-6999,63.44,-6999,-6999,-6999
105,216,1630,-6999,-6999,63.54,-6999,-6999,-6999
105,216,1700,-6999,-6999,63.51,-6999,-6999,-6999
105,216,1730,-6999,-6999,63.49,-6999,-6999,-6999
105,216,1800,-6999,-6999,63.5,-6999,-6999,-6999
105,216,1830,-6999,-6999,63.68,-6999,-6999,-6999
105,216,1900,-6999,-6999,63.81,-6999,-6999,-6999
105,216,1930,-6999,-6999,63.63,-6999,-6999,-6999
105,216,2000,-6999,-6999,63.4,-6999,-6999,-6999
105,216,2030,-6999,-6999,63.24,-6999,-6999,-6999
105,216,2100,-6999,-6999,63.11,-6999,-6999,-6999
105,216,2130,-6999,-6999,63.1,-6999,-6999,-6999
105,216,2200,-6999,-6999,63.15,-6999,-6999,-6999
105,216,2230,-6999,-6999,63.2,-6999,-6999,-6999
105,216,2300,-6999,-6999,63.1,-6999,-6999,-6999
105,216,2330,-6999,-6999,63.01,-6999,-6999,-6999
105,216,2400,-6999,-6999,62.96,-6999,-6999,-6999
105,217,30,-6999,-6999,62.88,-6999,-6999,-6999
105,217,100,-6999,-6999,62.81,-6999,-6999,-6999
105,217,130,-6999,-6999,62.79,-6999,-6999,-6999
105,217,200,-6999,-6999,62.79,-6999,-6999,-6999
105,217,230,-6999,-6999,62.78,-6999,-6999,-6999
105,217,300,-6999,-6999,62.75,-6999,-6999,-6999
105,217,330,-6999,-6999,62.68,-6999,-6999,-6999
105,217,400,-6999,-6999,62.61,-6999,-6999,-6999
105,217,430,-6999,-6999,62.6,-6999,-6999,-6999
105,217,500,-6999,-6999,62.59,-6999,-6999,-6999
105,217,530,-6999,-6999,62.62,-6999,-6999,-6999
105,217,600,-6999,-6999,62.59,-6999,-6999,-6999
105,217,630,-6999,-6999,62.5,-6999,-6999,-6999
105,217,700,-6999,-6999,62.44,-6999,-6999,-6999
105,217,730,-6999,-6999,62.39,-6999,-6999,-6999
105,217,800,-6999,-6999,62.37,-6999,-6999,-6999
105,217,830,-6999,-6999,62.39,-6999,-6999,-6999
105,217,900,-6999,-6999,62.37,-6999,-6999,-6999
105,217,930,-6999,-6999,61.92,-6999,-6999,-6999
105,217,1000,-6999,-6999,61.7,-6999,-6999,-6999
105,217,1030,-6999,-6999,61.61,-6999,-6999,-6999
105,217,1100,-6999,-6999,61.57,-6999,-6999,-6999
105,217,1130,-6999,-6999,61.41,-6999,-6999,-6999
105,217,1200,-6999,-6999,61.68,-6999,-6999,-6999
105,217,1230,-6999,-6999,61.85,-6999,-6999,-6999
105,217,1300,-6999,-6999,62.06,-6999,-6999,-6999
105,217,1330,-6999,-6999,62.25,-6999,-6999,-6999
105,217,1400,-6999,-6999,62.24,-6999,-6999,-6999
105,217,1430,-6999,-6999,62.62,-6999,-6999,-6999
105,217,1500,-6999,-6999,62.61,-6999,-6999,-6999
105,217,1530,-6999,-6999,62.74,-6999,-6999,-6999
105,217,1600,-6999,-6999,62.87,-6999,-6999,-6999
105,217,1630,-6999,-6999,62.86,-6999,-6999,-6999
105,217,1700,-6999,-6999,62.73,-6999,-6999,-6999
105,217,1730,-6999,-6999,63.33,-6999,-6999,-6999
105,217,1800,-6999,-6999,62.91,-6999,-6999,-6999
105,217,1830,-6999,-6999,63,-6999,-6999,-6999
105,217,1900,-6999,-6999,63.21,-6999,-6999,-6999
105,217,1930,-6999,-6999,63.38,-6999,-6999,-6999
105,217,2000,-6999,-6999,63.48,-6999,-6999,-6999
105,217,2030,-6999,-6999,63.58,-6999,-6999,-6999
105,217,2100,-6999,-6999,63.66,-6999,-6999,-6999
105,217,2130,-6999,-6999,63.78,-6999,-6999,-6999
105,217,2200,-6999,-6999,63.92,-6999,-6999,-6999
105,217,2230,-6999,-6999,64.02,-6999,-6999,-6999
105,217,2300,-6999,-6999,64.12,-6999,-6999,-6999
105,217,2330,-6999,-6999,64.2,-6999,-6999,-6999
105,217,2400,-6999,-6999,64.19,-6999,-6999,-6999
105,218,30,-6999,-6999,64.13,-6999,-6999,-6999
105,218,100,-6999,-6999,64.17,-6999,-6999,-6999
105,218,130,-6999,-6999,64.14,-6999,-6999,-6999
105,218,200,-6999,-6999,64.14,-6999,-6999,-6999
105,218,230,-6999,-6999,64.1,-6999,-6999,-6999
105,218,300,-6999,-6999,64.1,-6999,-6999,-6999
105,218,330,-6999,-6999,64.03,-6999,-6999,-6999
105,218,400,-6999,-6999,64,-6999,-6999,-6999
105,218,430,-6999,-6999,63.92,-6999,-6999,-6999
105,218,500,-6999,-6999,63.83,-6999,-6999,-6999
105,218,530,-6999,-6999,63.79,-6999,-6999,-6999
105,218,600,-6999,-6999,63.86,-6999,-6999,-6999
105,218,630,-6999,-6999,63.88,-6999,-6999,-6999
105,218,700,-6999,-6999,63.91,-6999,-6999,-6999
105,218,730,-6999,-6999,63.96,-6999,-6999,-6999
105,218,800,-6999,-6999,63.99,-6999,-6999,-6999
105,218,830,-6999,-6999,64.12,-6999,-6999,-6999
105,218,900,-6999,-6999,64.15,-6999,-6999,-6999
105,218,930,-6999,-6999,64.19,-6999,-6999,-6999
105,218,1000,-6999,-6999,64.27,-6999,-6999,-6999
105,218,1030,-6999,-6999,64.27,-6999,-6999,-6999
105,218,1100,-6999,-6999,64.46,-6999,-6999,-6999
105,218,1130,-6999,-6999,64.55,-6999,-6999,-6999
105,218,1200,-6999,-6999,64.59,-6999,-6999,-6999
105,218,1230,-6999,-6999,64.56,-6999,-6999,-6999
105,218,1300,-6999,-6999,64.55,-6999,-6999,-6999
105,218,1330,-6999,-6999,64.48,-6999,-6999,-6999
105,218,1400,-6999,-6999,64.3,-6999,-6999,-6999
105,218,1430,-6999,-6999,64.22,-6999,-6999,-6999
105,218,1500,-6999,-6999,64.42,-6999,-6999,-6999
105,218,1530,-6999,-6999,64.63,-6999,-6999,-6999
105,218,1600,-6999,-6999,64.39,-6999,-6999,-6999
105,218,1630,-6999,-6999,64.62,-6999,-6999,-6999
105,218,1700,-6999,-6999,64.85,-6999,-6999,-6999
105,218,1730,-6999,-6999,64.83,-6999,-6999,-6999
105,218,1800,-6999,-6999,64.81,-6999,-6999,-6999
105,218,1830,-6999,-6999,64.77,-6999,-6999,-6999
105,218,1900,-6999,-6999,64.78,-6999,-6999,-6999
105,218,1930,-6999,-6999,64.89,-6999,-6999,-6999
105,218,2000,-6999,-6999,64.88,-6999,-6999,-6999
105,218,2030,-6999,-6999,64.92,-6999,-6999,-6999
105,218,2100,-6999,-6999,64.86,-6999,-6999,-6999
105,218,2130,-6999,-6999,64.75,-6999,-6999,-6999
105,218,2200,-6999,-6999,64.61,-6999,-6999,-6999
105,218,2230,-6999,-6999,64.53,-6999,-6999,-6999
105,218,2300,-6999,-6999,64.59,-6999,-6999,-6999
105,218,2330,-6999,-6999,64.56,-6999,-6999,-6999
105,218,2400,-6999,-6999,64.52,-6999,-6999,-6999
105,219,30,-6999,-6999,64.3,-6999,-6999,-6999
105,219,100,-6999,-6999,64.2,-6999,-6999,-6999
105,219,130,-6999,-6999,64.06,-6999,-6999,-6999
105,219,200,-6999,-6999,63.91,-6999,-6999,-6999
105,219,230,-6999,-6999,63.8,-6999,-6999,-6999
105,219,300,-6999,-6999,63.69,-6999,-6999,-6999
105,219,330,-6999,-6999,63.57,-6999,-6999,-6999
105,219,400,-6999,-6999,63.51,-6999,-6999,-6999
105,219,430,-6999,-6999,63.44,-6999,-6999,-6999
105,219,500,-6999,-6999,63.33,-6999,-6999,-6999
105,219,530,-6999,-6999,63.27,-6999,-6999,-6999
105,219,600,-6999,-6999,63.24,-6999,-6999,-6999
105,219,630,-6999,-6999,63.14,-6999,-6999,-6999
105,219,700,-6999,-6999,63.07,-6999,-6999,-6999
105,219,730,-6999,-6999,62.99,-6999,-6999,-6999
105,219,800,-6999,-6999,62.94,-6999,-6999,-6999
105,219,830,-6999,-6999,62.9,-6999,-6999,-6999
105,219,900,-6999,-6999,62.93,-6999,-6999,-6999
105,219,930,-6999,-6999,62.96,-6999,-6999,-6999
105,219,1000,-6999,-6999,62.94,-6999,-6999,-6999
105,219,1030,-6999,-6999,62.92,-6999,-6999,-6999
105,219,1100,-6999,-6999,62.84,-6999,-6999,-6999
105,219,1130,-6999,-6999,62.88,-6999,-6999,-6999
105,219,1200,-6999,-6999,62.92,-6999,-6999,-6999
105,219,1230,-6999,-6999,63.09,-6999,-6999,-6999
105,219,1300,-6999,-6999,63.08,-6999,-6999,-6999
105,219,1330,-6999,-6999,63.09,-6999,-6999,-6999
105,219,1400,-6999,-6999,62.93,-6999,-6999,-6999
105,219,1430,-6999,-6999,62.97,-6999,-6999,-6999
105,219,1500,-6999,-6999,62.87,-6999,-6999,-6999
105,219,1530,-6999,-6999,62.89,-6999,-6999,-6999
105,219,1600,-6999,-6999,63.06,-6999,-6999,-6999
105,219,1630,-6999,-6999,62.84,-6999,-6999,-6999
105,219,1700,-6999,-6999,62.42,-6999,-6999,-6999
105,219,1730,-6999,-6999,62.35,-6999,-6999,-6999
105,219,1800,-6999,-6999,62.41,-6999,-6999,-6999
105,219,1830,-6999,-6999,62.34,-6999,-6999,-6999
105,219,1900,-6999,-6999,62.22,-6999,-6999,-6999
105,219,1930,-6999,-6999,62.22,-6999,-6999,-6999
105,219,2000,-6999,-6999,62.28,-6999,-6999,-6999
105,219,2030,-6999,-6999,62.11,-6999,-6999,-6999
105,219,2100,-6999,-6999,62.06,-6999,-6999,-6999
105,219,2130,-6999,-6999,61.98,-6999,-6999,-6999
105,219,2200,-6999,-6999,61.93,-6999,-6999,-6999
105,219,2230,-6999,-6999,61.95,-6999,-6999,-6999
105,219,2300,-6999,-6999,61.97,-6999,-6999,-6999
105,219,2330,-6999,-6999,61.93,-6999,-6999,-6999
105,219,2400,-6999,-6999,61.89,-6999,-6999,-6999
105,220,30,-6999,-6999,61.85,-6999,-6999,-6999
105,220,100,-6999,-6999,61.84,-6999,-6999,-6999
105,220,130,-6999,-6999,61.83,-6999,-6999,-6999
105,220,200,-6999,-6999,61.79,-6999,-6999,-6999
105,220,230,-6999,-6999,61.75,-6999,-6999,-6999
105,220,300,-6999,-6999,61.72,-6999,-6999,-6999
105,220,330,-6999,-6999,61.68,-6999,-6999,-6999
105,220,400,-6999,-6999,61.66,-6999,-6999,-6999
105,220,430,-6999,-6999,61.61,-6999,-6999,-6999
105,220,500,-6999,-6999,61.64,-6999,-6999,-6999
105,220,530,-6999,-6999,61.68,-6999,-6999,-6999
105,220,600,-6999,-6999,61.69,-6999,-6999,-6999
105,220,630,-6999,-6999,61.7,-6999,-6999,-6999
105,220,700,-6999,-6999,61.72,-6999,-6999,-6999
105,220,730,-6999,-6999,61.68,-6999,-6999,-6999
105,220,800,-6999,-6999,61.72,-6999,-6999,-6999
105,220,830,-6999,-6999,61.75,-6999,-6999,-6999
105,220,900,-6999,-6999,61.82,-6999,-6999,-6999
105,220,930,-6999,-6999,61.68,-6999,-6999,-6999
105,220,1000,-6999,-6999,61.28,-6999,-6999,-6999
105,220,1030,-6999,-6999,61.16,-6999,-6999,-6999
105,220,1100,-6999,-6999,61.05,-6999,-6999,-6999
105,220,1130,-6999,-6999,61.15,-6999,-6999,-6999
105,220,1200,-6999,-6999,61.32,-6999,-6999,-6999
105,220,1230,-6999,-6999,61.34,-6999,-6999,-6999
105,220,1300,-6999,-6999,61.03,-6999,-6999,-6999
105,220,1330,-6999,-6999,61.09,-6999,-6999,-6999
105,220,1400,-6999,-6999,61.24,-6999,-6999,-6999